01100111110001100110100101110011 01010001111111110100101011101100 00101001110011011011101010101011 11110010111110111110001101000110 
01111100110000100101010011111000 00011011111010001110011110001101 01110110010110100010111001100011 00110011100111111100100110011010 
01100110001100100000110110110111 00110001010110001010001101011010 00100101010111010000010100010111 01011000111010010101111011010100 
10101011101100101100110111000110 10011011101101000101010000010001 00001110100000100111010001000001 00100001001111011101110010000111 
01110000111010010011111010100001 01000001111000011111110001100111 00111110000000010111111010010111 11101010110111000110101110010110 
10001111001110000101110000101010 11101100101100000011101111111011 00110010101011110011110001010100 11101100000110001101101101011100 
00000010000110101111111001000011 11111011111110101010101000111010 11111011001010011101000111100110 00000101001111000111110010010100 
01110101110110001011111001100001 10001001111110010101110010111011 10101000100110010000111110010101 10110001111010111111000110110011 
00000101111011111111011100000000 11101001101000010011101011100101 11001010000010111100101111010000 01001000010001110110010010111101 
00011111001000110001111010101000 00011100011110110110010011000101 00010100011100110101101011000101 01011110010010110111100101100011 
00111011011100000110010000100100 00010001100111100000100111011100 10101010110101001010110011110010 00011011000100001010111100111011 
00110011110011011110001101010000 01001000010001110001010101011100 10111011011011110010001000011001 10111010100110110111110111110101 
00001011111000010001101000011100 01111111001000111111100000101001 11111000101001000001101100010011 10110101110010100100111011101000 
10011000001100100011100011100000 01111001010011010011110100110100 10111100010111110100111001110111 11111010110010110110110000000101 
10101100100001100010000100101011 10101010000110100101010110100010 10111110011100001011010101110011 00111011000001000101110011010011 
00110110100101001011001110101111 11100010111100001110010010011110 01001111001100100001010101001001 11111101100000100100111010101001 
00001000011100001101010010110010 10001010001010010101010001001000 10011010000010101011110011010101 00001110000110001010100001000100 
10101100010110111111001110001110 01001100110101110010110110011011 00001001010000101110010100000110 11000100001100111010111111001101 
10100011100001000111111100101101 10101101110101000111011001000111 11011110001100100001110011101100 01001010110001000011000011110110 
00100000001000111000010101101100 11111011101100100000011100000100 11110100111011000000101110111001 00100000101110101000011011000011 
00111110000001011111000111101100 11011001011001110011001110110111 10011001010100001010001111100011 00010100110100111101100100110100 
11110111010111101010000011110010 00010000101010001111011000000101 10010100000000011011111010110100 10111100010001000111100011111010 
01001001011010011110011000100011 11010000000110101101101001101001 01101010011111100100110001111110 01010001001001011011001101001000 
10000100010100110011101010010100 11111011001100011001100110010000 00110010010101110100010011101110 10011011101111001110100111100101 
00100101110011110000100011110101 11101001111000100101111001010011 01100000101010101101001010110010 11010000100001011111101001010100 
11011000001101011110100011010100 01100110100000100110010010011000 11011001101010001000011101110101 01100101011100000101101010001010 
00111111011000101000000000101001 01000100110111100111110010100101 10001001010011100101011101011001 11010011010100011010110110101100 
10000110100101011000000011101100 00010111111001001000010111110001 10001100000011000110011011110001 01111100110000000111110010111011 
00100010111111001110010001100110 11011010011000010000101101100011 10101111011000101011110010000011 10110100011010010010111100111010 
11111111101011110010011100010110 10010011101011000000011100011111 10111000011011010001000100110100 00101101100011011110111101001111 
10001001110101001011011001100011 00110101110000011100011111100100 00100100100000110110011111011000 11101101100101100001001011101100 
01000101001110010000001011011000 11100101000010101111100010011101 01110111000010011101000110100101 10010110110000011111010000011111 
10010101101010101000001011001010 01101100010010011010111010010000 11001101000101100110100010111010 10101100011110101010011011110010 
10110100101010001100101010011001 10110010110000100011011100101010 11001011000010001100111101100001 11001001110000111000000001011110 
01101110000000110010100011011010 01001100110101110110101000011001 11101101110100101101001110011001 01001100011110011000101100000000 
00100010010101101001101011010100 00011000110100011111111011100100 11011001110011010100010110100011 10010001110001100000000111111111 
11001001001010101101100100010101 00000001010000110010111111101110 00010101000000101000011101100001 01111100000100110110001010011110 
01101001111111000111001010000001 11001101011100010110010110100110 00111110101010110100100111001111 01110001010010111100111000111010 
01110101101001110100111101110110 11101010011111100110010011111111 10000001111010110110000111111101 11111110110000111001101101100111 
10111111000011011110100110001100 01111110010011100011001010111101 11111001011111001000110001101010 11000111010110111010010000111100 
00000010111101001011001011101101 01110010000101101110110011110011 00000001010011011111000000000000 00010000100010110110011111001111 
10011001010100000101101100010111 10011111100011101101010010011000 00001010011000010000001111010001 10111100101001110000110110111110 
10011011101111111010101100001110 11010101100110000000000111010110 11100101111100101101011011110110 01111101001111101100010100010110 
10001110001000010010111000101101 10101111000000101100011010111001 01100011110010011000101000011111 01110000100101111101111000001100 
01010110100010010001101000101011 00100001000110110000000100000111 00001101110110001111110110001011 00010110110000101010000110100100 
11100011110011111101001010010010 11010010100110000100101100110101 01100001110101010101010111010001 01101100001100111101110111000010 
10111100111101111110110111011110 00010011111011111110010100100000 11000111111000101010101111011101 10100100010011011000000110001000 
00011100010100110001101011101110 11101011011001100010010001001100 00111011011110010001111010101000 10101100111110110110101001101000 
11110011010110000100011000000110 01000111001010110010011000001110 00001101110100101110101110110010 00011111011011000011101000111011 
11000000010101000010101010101011 10111010010011101111100011110110 11000111000101101001111001110011 00010001000010001101101100000100 
01100000001000100000101010100111 01001101001100011011010101011011 00000011101000000000110100100010 00001101010001110101110111001101 
10011011100001110111100001010110 11010101011100000100110010011100 10000110111010100000111110011000 11110010111010111001110001010011 
00001101101001111111101001011010 11011000101100001011010111011011 01010000110000101111110101011101 00001001010110100010101010100101 
11100010101000111111101110110111 00010011010001110101010010011010 00110001011000110011001000100011 01001110110011100111011001011011 
01110101011100011011011001001101 00100001011010110010100001110001 00101110001001011100111100110111 10000000111110011101110001100010 
10011100110101110001100110110000 00011110011011010100101001001111 11010001011111000111001100011111 01001010111010010111101111000000 
01011010001100010000110101111011 10011100001101101110110111001010 01011011101111000000001011011011 10110101110111100011110101010010 
10110110010101110000001011010100 11000100010011000010010010010101 11001000100101111011010100010010 10000000001100001101001011011011 
01100001111000000101011011111101 00010110010000111100100001110001 11111111110010100100110110110101 10101000100010100000011101011110 
11100001000010010011001110100110 01010101010101110011101100011101 11101110111100000010111101101110 00100000000000100100100110000001 
11100010101000000111111111111000 11100011010001110110100111100011 00010001101101101001100010111001 01000001100111110001100000100010 
10101000010010111100100011111101 10100010000001000001101010010000 11110100010010011111111000010101 01001011010010001001011000101101 
11101000000101010010010111001011 01011100100011111010111001101101 01000101010001100010011110000110 11100101001111111010100110001101 
10001010011100011000101000101100 01110101101001001011110001101010 11101110101110100111111100111001 00000010000101010110011111101010 
00101011100011001011011010000111 00011011011001001111010101100001 10101011000111001110011110010000 01011011100100000001111011100101 
00000010101010000001000101110111 01001101110011011110000100111011 10000111011000000111010010001010 01110110110110110111010010100001 
01101000001010100010100010000011 10001111000111011110010000111010 00111001110011001100101010010100 01011100111010000111100101011110 
10010001100010101101011011011110 01010111101101110001100111011111 00011000100011010110100110001110 01101001110111010010111111010001 
00001000010101110101010010010111 01110101001110011101000110101110 00000101100110110100001101100001 10000100101111001100000000010101 
01000111100101101111001110011110 01001101000011000111110101100101 10011001111001101111001100000010 11000100001000101101001111001100 
01111010001010000110001111101111 01100001001101001001110101100110 11001111111000001100011101010011 10011101100001110110100011100100 
00011101010110111000001001101011 01100111000000001101000000000001 11100110110001000000001110101010 11100110110101110111011001100000 
11111111110110010100111101100000 00001101111011011100011011011101 11001101100011010011000001101010 00010101100110010100111000110010 
11110100110100011001110101011100 11010001011011100101110110110111 00110010011000000110001000011000 00110111110110000111100100110110 
10110010110010001001011010111111 10110101010111001001110010000011 11101010110011011110110111111111 01100110001111000011000101011010 
00001101110011111011011011011110 00111101000100111001010101101111 01110100111101111000011110101011 11010000000000001110001010000010 
11001001011110000100000101111110 11010101110111100000000110111111 10101011111011111011111000010001 00101011111011110110101100111000 
10111110001000100001011011111011 00110101101010110110101010101001 10100011111100100101010101110011 11110010001101111111010110111011 
10101111001101100011101010000100 00010100001110110100001110111111 00101010000000011101000001010101 11110001001111001000110110101111 
01011110101000111010101110010011 01001111000101010011110111110010 00000111100100100110010111111010 11001001010110101011010101111000 
10010000111011111111110110100101 00101011010000000110010001010101 01000010001101011010101100110011 01110001001110001110001011001111 
11011100100011010110001000101011 10100011100111110001110110101010 00110001100000101010010011111010 11011100010110100111001101101100 
01001001011100000001000101110100 10110000011101101100101011110010 10101011011101010010010100011100 10101101000010001110101110001001 
10010101010011011011010000111000 11101101110100011110001100011110 01010011100001110001100100101111 11100001100011001001110000101011 
11111100101011011001111110101100 00100011011010011001111111001110 11011110110001001110101010001100 11001100110101010001010101100010 
00100011110010101001101000010000 10011011011111010010111011101111 00000101010001110001111011100110 11010011101110100001000111001111 
01101000101100010111110010001011 00011010000110110101101011111001 11011111010001001000010110101100 00011010100110100000111000111101 
01100100101010000100110100000000 00100110011110111110111100101011 11000011000011010001000110010110 11001000001000110110011000110000 
11010100111000101011101111101110 11111101000101011110011111011100 01011010011011001000100001110100 00000111100101101011000101101011 
00111111111111100110101101100101 01111001010110101001000000111100 01101000101000011101001100110000 11000100001110010110000010011000 
00011011000110111000011100011000 00110001011011101111010010001011 11011011011111011111111111100010 00010011101100000100110101010010 
10101110101110011011011100100111 00010011010001110110010001111011 11101001001101111010101110101101 01110000000010110100011010001011 
00100111110011011010001101011000 00111011100101111110001100010110 00010100111000101111100000101000 10010010010001100111101001000000 
11111111001100100110011100010010 01111001110010111000111001100010 00000010001110010001000001110010 01000101010101101111110101101100 
00100011101000001100010001011110 00111000101001110111010101001100 10001001011011010111010000011011 10110011111011110101101110110010 
00100001110000101100010110011010 10001110010100111111110110010000 10001100000011010000001111010001 01100011000000000011110110000110 
10100001000000011110010011011001 10101000010110010010010100110001 11000111100110100100110001111010 10001001101001110010110110101010 
01101010111100100100010011111000 01000101010000011000100011010001 01001110100010111010001110110001 10001100111000000011011100101101 
11100010000111000000011010001010 01110101001010111011110000111100 11000101000010001011011101001110 10110000111001001111100000011010 
11010110001111010001001000011011 01111110100110101110110011001101 00100110100011110111111010110010 01110000101101101101111101010010 
11010010111001011101110001000111 00010000100110001000010011010110 10100001001110110010010001010001 00011111000111010110101111110101 
01011010011111010001000011011000 00010111111111001010010100111101 10001100001001001110111111111100 11011010110011100100111010101100 
10110011001010101111001111000100 11000011011101111001101001100100 10110010101111101011010111010001 11011011001000001100011000110101 
10011101110101100000111010110100 11010011101100111111001001011111 11010111111000010101101110110001 10110000101010010101110101100011 
11010011010100010010011110010110 11001000110000011111101001111011 10000000101011110100110001011011 11001111000100111001000101101100 
11101001100111110010000110111100 01010010000100110001101100101010 11110100011101101101101110100100 00011111001110010000100011110011 
10001010001011111000100101010010 11110001100001001100110101110001 00110011000110101100110000000011 00101101010111010110111100010110 
11111100100100001101001101001111 10100011111011100111100110011000 01100101010101000011110010000100 10001101010001000111011100010111 
01110100000000010110101001100101 10000101001101111101011010111000 01010001101000101011101101111110 00000000001010111001010111111100 
10111011011010000100101101011111 01010110110001001111011110111011 00011001001100110100000010100110 01111000101101111011111011101100 
10111000001010000101000100111101 01011111001001111111011010110001 11001001101100010010111111001001 11011100110001001100011010011000 
00101100000100011111011110000011 11010110111011100011111011101111 00100001011111101001010110011001 00110110010100111000010111101110 
01111011110101100010110011011011 11111101001000101000110011000111 11010011101110111001000010110000 10000000010101100100100010101100 
01101000001111110010111100111110 00101101011011100010110101001110 11101100110000101110100000100010 00010110011011010001000110010001 
01000100001111010110110001000001 01011111111110000000100000110010 10110100100110011110001000110100 11101111001010101110000001010111 
01101001000100001001010110010110 01111110110000101110010101101010 10000101110011011000110110011011 00111010100111100010110001111110 
11011011100110011100000000111010 10010001110010000110110001000101 01100001010011110111100101010001 01111001010110101010100011100011 
01101010001111100111100111101000 00000000010111100101001010000101 00101011110111110010000001100110 01111101010011011110010001011000 
11100110101001001001001001110111 01101101111111111011110111001110 01001110001101100001111111000111 10010000110010001010101011111010 
00000110001001001110001000000110 10000010001101011000110010101110 00010100101011000001010010010010 11111001111110001110101011011111 
10011101011111010101011100001010 01111100000101001101100011001010 01001010111110001001000111011011 11000000001111001101010111000110 
01100000101110001100110011100010 11101101010110001001000000000001 00000101101001001001001111111110 10011101011111101101111000111010 
11111011001101010100010001110111 01001001000111000100000110010011 00010100110100100110111011010100 00001110010001001001101001101110 
11111100011001110101000111101001 10111111111000011110101011000100 10000110011111101100001100100011 11111100101000010101110111110111 
11010110101000010110111000011111 10111101101011111011001011010010 10000001001000011010011010010000 01100101010000011111111001100001 
10101000010011110100101001100111 00110001001101000010110010110111 10110010111011111101101010101110 10010000001101111010010101100110 
11011000000100111000010110010101 11000010001101110110011101000100 01011000000011101101010010111101 01001111110100100001111011110111 
00100010011010000101111001010011 10011101100010100000101001001111 01111001111001001111111000001001 00011011101000110110111111110011 
