10110111111101001000100001111001 00101100111100001011110110000100 11111110100100010100001001001101 01100100011000000100010010000110 
11001001101000101101100101100110 00101101111000111011010110100110 11000111101100111011000011100010 01010111000111111101010100001110 
00010100010111011000011101000000 01001101010001011100010001001011 11010110000001101001100000111010 01100111110111001100000000110000 
01111111100110011001011010101100 01111100010010110101001001000011 11111111000000100010010101010110 00100010111110100110010000110110 
01011000111010110111011010100101 00110000001110101111000100000111 01000001100010010100000110101000 01100110000000101101100011100101 
10011011011011101001000100011000 10111001111000110101101110111000 11100110100000010000111000001000 01111011011100100011111011010011 
01011110101101000111100110001110 11101110011010101001010100101111 11110011110101111101011101011001 11011001101011110011111001110100 
00011101110011111000110011010111 10110011111010001000111110011001 01101001100111101010000111100100 00010000110111111011100001101110 
10010011001100011111110110000001 10011011100100101011000110001110 01101001100010001110100001000010 00111000001001101011011101010101 
11110110010000110010110010101001 00101011101111000100001010010100 01011010111000110111100101101010 11000010001100011101100101010101 
01100010110101101101011011111101 01101000100001111000101111010010 00010000011100110001010001001000 10011010110010111001110110010000 
00001111110010100011100100111010 10000110011110111100111111100000 01011110010010000100101000100000 01111001001000110111010111011011 
11111001010010111101100001100010 11010011011000110011010011100011 11010111010010000010101101110001 00010100110010000000000100100011 
10010010001110100101110100011000 10110101001011001111100000010011 01110100010000110011001111101101 01100110101010001100100001100000 
11110011101000001100001011000110 00000100111101101010100111011011 00111110110101000100110001010010 10011101010011010111010100101111 
10000111110100110100100000111100 11111111010000000100111101110100 10000011100000100110000111101010 00101010001010100100101000011101 
11001010000011001110010011001110 00000010100011011010100101000000 01100010111101011001001111111111 01000010000010000010111011001001 
11011011011101100000010111011011 10110111010101000100111100111010 11010110101100000010010000000000 11011010011011100001111010100101 
01111010000000100111001101111100 10001111000111011011110111110001 00010010010100001111000001010101 01011000000111110001111000110100 
10010101001001000000111101001100 01111000010111101000011101001111 00001110101010110100111111101001 00011010011011011000111010010100 
01101111000000010001000111111111 00011110110011101111000000110001 00011110111000011000011001110110 00000000101001001010101010010101 
11001000101110011110001001000001 00010111011010011001000000100110 00010100110111110000111100101110 01001101100111011100001110111100 
10011110110101001011101110111101 10100010101011001110111011000000 10001101011101000011011010001101 00011000111000010010001011100001 
10011010000001000010001010110010 01101101101100101101100010000010 10010001111001111011000011011110 10000100011100111001101100100010 
01000111010101101101111111101001 00000010110011011010100110001111 01000001111000000001110001011010 11000001001111110011101101011011 
01000011010111010000110110110001 00001111111001010011001110100000 11001100111000110111111101010000 01010111000110100111001110011110 
01110000010100101000100001110011 00100000001100010000001001100001 00010001000111111011101111010010 01011110111101100010111010100001 
01010011001110110101001001100010 00100001100001010000001111101101 01101001100000100011111011000000 10011100101100010101111000001100 
00000011111001100111111100100011 00011000100000101000010100101001 10100001010000001111110011111111 00110111001010101010000010001010 
01100101111100111110110110000110 01111000111100000111010011100001 01110010101100101010000100001110 01100011000000000001101001100110 
11100110100110101000101011111110 00011100000011110010100010111101 01001111001001001011110010000110 01001110010111000001000110110011 
01001111111111100011101011001000 11101110101011101010100101100000 01100000010010110110111011000011 01001011100010000010100100110001 
